	id	het	f
1	001B	0.636363636	0.219362164
2	001F	0.454545455	0.247594904
3	001G	0.636363636	0.244966808
4	001L	0.363636364	0.228469539
5	001N	0.818181818	0.14992125
6	001P	0.454545455	0.427768742
7	001R	0.5	0.33109339
8	001W	0.4	0.31247615
9	001Y	0.363636364	0.146572057
10	002F	0.636363636	0.111721874
11	002G	0	0.326763996
12	002L	0.545454545	0.258118652
13	002N	0.7	0.256289433
14	002P	0.4	0.139162532
15	002Y	0.555555556	0.335418689
16	003F	0.545454545	0.225855369
17	003G	0.636363636	0.200162693
18	003L	0.545454545	0.402357746
19	003N	0.8	0.341694426
20	003P	0.181818182	0.276760954
21	003R	0.545454545	0.160292958
22	003Y	0.4	0.188673204
23	004F	0.636363636	0.182374645
24	004G	0.727272727	0.355055725
25	004L	0.545454545	0.161321115
26	004N	0.363636364	0.143029953
27	004P	0.727272727	0.255810538
28	004R	0.5	0.159844669
29	004W	0.363636364	0.186882614
30	004Y	0.545454545	0.148907034
31	005F	0.272727273	0.158357581
32	005N	0.636363636	0.334124767
33	005P	0.363636364	0.376090558
34	005R	0.545454545	0.211428191
35	005W	0.5	0.376471907
36	005Y	0.4	0.210483387
37	006F	0.636363636	0.179649765
38	006G	0.625	0.247116144
39	006L	0.363636364	0.201723606
40	006N	0.454545455	0.374377451
41	006P	0.2	0.563644796
42	006R	0.3	0.219575738
43	006W	0.545454545	0.546160331
44	006Y	0.454545455	0.42915865
45	007F	0.454545455	0.338390796
46	007G	0.8	0.136387432
47	007L	0.545454545	0.245852966
48	007N	0.6	0.36751097
49	007P	0.7	0.242694892
50	007R	0.818181818	0.144024953
51	007W	0.142857143	0.190031458
52	007Y	0.454545455	0.230688797
53	008F	0.272727273	0.176009288
54	008G	0.545454545	0.226078329
55	008L	0.454545455	0.232282145
56	008N	0.727272727	0.242573038
57	008P	0.454545455	0.21387537
58	008R	0.4	0.240028805
59	008W	0.666666667	0.551428901
60	008Y	0.727272727	0.195436103
61	009F	0.454545455	0.179542415
62	009G	0.545454545	0.351773256
63	009L	0.545454545	0.177418992
64	009N	0.2	0.11884107
65	009P	0.545454545	0.099357226
66	009R	0.636363636	0.188339489
67	009W	0.4	0.277573686
68	009Y	0.363636364	0.266758237
69	010G	0.727272727	0.234722168
70	010L	0.636363636	0.145105132
71	010N	0.363636364	0.159466303
72	010R	0.2	0.397009885
73	010W	0.4	0.435367054
74	010Y	0	0.865921289
75	011F	0.454545455	0.670765461
76	011G	0.727272727	0.142503494
77	011L	0.454545455	0.332863862
78	011N	0.363636364	0.151282836
79	011P	0.363636364	0.157371669
80	011R	0.545454545	0.267590584
81	011W	0.545454545	0.105596988
82	011Y	0.545454545	0.154545186
83	012F	0.454545455	0.255102246
84	012G	0.545454545	0.169200098
85	012L	0.454545455	0.106739737
86	012N	0.545454545	0.131111896
87	012P	0.363636364	0.163472791
88	012R	0.454545455	0.1769721
89	012W	0.6	0.185433543
90	012Y	0.636363636	0.255662017
91	013F	0.363636364	0.130781767
92	013G	0.363636364	0.188303333
93	013L	0.545454545	0.423288483
94	013N	0.454545455	0.33367671
95	013P	0.636363636	0.158399427
96	013R	0.636363636	0.179304235
97	013W	0.181818182	0.51099756
98	013Y	0.545454545	0.239608722
99	014F	0.545454545	0.318691044
100	014G	0.714285714	0.184717523
101	014L	0.636363636	0.29848121
102	014N	0.7	0.216327302
103	014P	0.454545455	0.152601679
104	014R	0.545454545	0.335846932
105	014W	0.4	0.52927659
106	014Y	0.454545455	0.264273448
107	015F	0.727272727	0.207308108
108	015G	0.5	0.135632719
109	015L	0.545454545	0.132310534
110	015N	0.545454545	0.311836899
111	015P	0.454545455	0.119548992
112	015R	0.454545455	0.389389446
113	015W	0.285714286	0.170410232
114	015Y	0.636363636	0.264746076
115	016F	0.727272727	0.202167247
116	016G	0.363636364	0.329081106
117	016L	0.636363636	0.125759023
118	016N	0.272727273	0.211569952
119	016P	0.545454545	0.284684598
120	016R	0.8	0.229963168
121	016W	0.636363636	0.338977325
122	016Y	0.727272727	0.164661339
123	017F	0.545454545	0.176712197
124	017G	0.545454545	0.253953094
125	017L	0.7	0.49166379
126	017N	0.454545455	0.227345035
127	017P	0.818181818	0.186054322
128	017R	0.636363636	0.170259215
129	017W	0.444444444	0.177336004
130	017Y	0.454545455	0.382608004
131	018F	0.636363636	0.126595223
132	018G	0.666666667	0.151074011
133	018L	0.363636364	0.396042137
134	018N	0.363636364	0.187822648
135	018P	0.454545455	0.24253339
136	018R	0.25	0.443290033
137	018W	0.428571429	0.234358736
138	018Y	0.4	0.178603351
139	019F	0.545454545	0.427555044
140	019L	0.363636364	0.431440214
141	019N	0.454545455	0.257211113
142	019P	0.454545455	0.091152249
143	019R	0.545454545	0.104913258
144	019W	0.25	0.453050533
145	019Y	0.6	0.240776739
146	020G	0.636363636	0.155115948
147	020L	0.5	0.156067394
148	020N	0.6	0.252596102
149	020P	0.454545455	0.146090278
150	020R	0.909090909	0.215524176
151	020W	0.545454545	0.379873583
152	020Y	0.363636364	0.13551161
153	021F	0.636363636	0.203726672
154	021G	0.090909091	0.24589311
155	021L	0.636363636	0.185800408
156	021N	0.545454545	0.30386333
157	021P	0.5	0.12477904
158	021R	0.454545455	0.234419817
159	021Y	0.272727273	0.183095604
160	022F	0.545454545	0.317024929
161	022G	0.545454545	0.233603267
162	022N	0.545454545	0.177185088
163	022P	0.5	0.213918106
164	022R	0.3	0.309804009
165	022W	0.2	0.340616621
166	022Y	0.818181818	0.194563963
167	023F	0.454545455	0.194492516
168	023G	0.545454545	0.167088021
169	023L	0.727272727	0.132216899
170	023N	0.454545455	0.306614713
171	023P	0.545454545	0.208850193
172	023R	0.5	0.162417048
173	023W	0.545454545	0.194791073
174	023Y	0.5	0.215132239
175	024F	0.454545455	0.192155883
176	024G	0.636363636	0.377274016
177	024L	0.3	0.162093995
178	024P	0.625	0.287539597
179	024R	0.636363636	0.160466152
180	024W	0.545454545	0.31351481
181	025F	0.272727273	0.243343127
182	025G	0.454545455	0.185804803
183	025L	0.636363636	0.246335682
184	025N	0.545454545	0.220264364
185	025R	0.454545455	0.337768474
186	025W	0.454545455	0.152817755
187	025Y	0.444444444	0.169653696
188	026F	0.181818182	0.310408913
189	026G	0.454545455	0.266580623
190	026L	0.2	0.384164653
191	026N	0.363636364	0.126824304
192	026P	0.272727273	0.199042241
193	026R	0.363636364	0.095746224
194	026W	0.7	0.574838431
195	026Y	0.636363636	0.316955854
196	027F	0.545454545	0.305490362
197	027G	0.375	0.348210117
198	027L	0.545454545	0.115316625
199	027N	0.727272727	0.153493018
200	027R	0.636363636	0.304647004
201	027W	0.636363636	0.113572819
202	027Y	0.363636364	0.537634726
203	028G	0.545454545	0.362350046
204	028L	0.181818182	0.252273025
205	028N	0.636363636	0.230451588
206	028P	0.454545455	0.197915353
207	028R	0	0.348002727
208	028W	0.727272727	0.14783498
209	028Y	0.727272727	0.194364104
210	029F	0.727272727	0.244795777
211	029G	0.7	0.131007481
212	029L	0.636363636	0.381028665
213	029N	0.545454545	0.342567344
214	029P	0.727272727	0.164039702
215	029R	0.5	0.217529658
216	029W	0.363636364	0.263186204
217	029Y	0.545454545	0.145847513
218	030F	0.818181818	0.22839371
219	030G	0.454545455	0.134238003
220	030L	0.636363636	0.191555522
221	030N	0.363636364	0.164068672
222	030P	0.272727273	0.372548939
223	030R	0.3	0.288208324
224	030W	0.545454545	0.2539847
225	030Y	0.454545455	0.130771499
226	031G	0.727272727	0.205132749
227	031L	0.5	0.22881677
228	031N	0.636363636	0.126419126
229	031P	0.636363636	0.232067513
230	031R	0.363636364	0.230865034
231	031W	0.363636364	0.370099304
232	031Y	0.454545455	0.185331265
233	032L	0.5	0.334731452
234	032N	0.545454545	0.191789071
235	032P	0.545454545	0.20126631
236	032R	0.727272727	0.149117149
237	032W	0.818181818	0.17879849
238	032Y	0.363636364	0.121268386
239	033G	0.545454545	0.255575085
240	033L	0.727272727	0.1876006
241	033N	0.454545455	0.407516184
242	033P	0.454545455	0.331748489
243	033R	0.636363636	0.347706226
244	033W	0.6	0.103343112
245	033Y	0.454545455	0.336778257
246	034G	0.7	0.284885733
247	034L	0.727272727	0.134995239
248	034N	0.545454545	0.157412729
249	034P	0.636363636	0.162182443
250	034R	0.636363636	0.164710739
251	034W	0.363636364	0.292514477
252	034Y	0.545454545	0.167306884
253	035G	0.272727273	0.119928529
254	035L	0.363636364	0.108079827
255	035N	0.363636364	0.140248272
256	035P	0.454545455	0.263257866
257	035R	0.454545455	0.198298274
258	035W	0.636363636	0.17741611
259	035Y	0.363636364	0.421227347
260	036G	0.285714286	0.392981609
261	036L	0.5	0.313093567
262	036N	0.727272727	0.14822234
263	036P	0.454545455	0.2048568
264	036R	0.636363636	0.290897866
265	036W	0.545454545	0.130031083
266	036Y	0.363636364	0.289823465
267	037G	0.454545455	0.520689
268	037L	0.636363636	0.210356958
269	037N	0.454545455	0.205462919
270	037P	0.727272727	0.428208551
271	037R	0.454545455	0.124326035
272	037W	0.625	0.338924359
273	037Y	0.545454545	0.170270775
274	038G	0.545454545	0.200175275
275	038L	0.272727273	0.337458512
276	038N	0.454545455	0.182341111
277	038P	0.363636364	0.215574417
278	038R	0.272727273	0.124686306
279	038W	0.636363636	0.231213672
280	038Y	0.7	0.225777503
281	039G	0.181818182	0.293274371
282	039L	0.454545455	0.211537284
283	039N	0.454545455	0.302192224
284	039P	0.727272727	0.147191677
285	039R	0.818181818	0.122983709
286	039W	0.454545455	0.171067832
287	039Y	0.363636364	0.256180231
288	040G	0.666666667	0.139799798
289	040L	0.545454545	0.138415363
290	040N	0.363636364	0.307888155
291	040P	0.636363636	0.113236535
292	040R	0.454545455	0.142491771
293	040W	0.636363636	0.117556752
294	040Y	0.545454545	0.336347986
295	041G	0.6	0.179034593
296	041L	0.818181818	0.150538812
297	041N	0.5	0.380396492
298	041P	0.636363636	0.196692577
299	041R	0.222222222	0.250846822
300	041W	0.636363636	0.1224708
301	041Y	0.363636364	0.382662732
302	042G	0.6	0.25156402
303	042N	0.8	0.165408033
304	042P	0.545454545	0.129152907
305	042R	0.545454545	0.318919827
306	042W	0.666666667	0.254428739
307	042Y	0.545454545	0.354298276
308	043G	0.7	0.135192627
309	043P	0.545454545	0.275437175
310	043R	0.545454545	0.203290414
311	043W	0.818181818	0.153204722
312	043Y	0.454545455	0.189035785
313	044G	0.6	0.217006539
314	044N	0.363636364	0.170370523
315	044P	0.545454545	0.1075325
316	044R	0.727272727	0.299144184
317	044W	0.4	0.198305734
318	045G	0.625	0.32035878
319	045N	0.7	0.550399112
320	045P	0.727272727	0.143482304
321	045R	0.454545455	0.15516342
322	045W	0.636363636	0.181084319
323	045Y	0.363636364	0.136028252
324	046G	0.555555556	0.300392548
325	046P	0.25	0.186105414
327	046W	0.636363636	0.146988423
328	046Y	0.727272727	0.165155792
329	047G	0.727272727	0.216691618
330	047N	0.777777778	0.35685069
331	047P	0.636363636	0.205928575
332	047R	0.363636364	0.276151601
333	047W	0.636363636	0.234340611
334	047Y	0.454545455	0.254802713
335	048G	0.454545455	0.337409494
336	048N	0.454545455	0.266509888
337	048R	1	0.197512146
338	048W	0.727272727	0.231816358
339	048Y	0.636363636	0.249439253
340	049G	0.571428571	0.25731056
341	049N	0.272727273	0.114439652
342	049P	0.666666667	0.353299032
343	049R	0.545454545	0.147752921
344	049W	0.545454545	0.167994426
345	049Y	0.545454545	0.134361627
346	050G	0.666666667	0.263158951
347	050N	0	0.491790633
348	050P	0.636363636	0.230567089
349	050R	0.636363636	0.24577115
350	050W	0.636363636	0.478486831
351	050Y	0.272727273	0.240088439
352	051G	0.727272727	0.39739469
353	051N	0.181818182	0.222151353
354	051P	0.545454545	0.120429259
355	051R	0.727272727	0.190989239
356	051W	0.545454545	0.098556147
357	051Y	0.363636364	0.431627045
358	052G	0.25	0.346625823
359	052N	0.636363636	0.197747303
360	052P	0.454545455	0.225802402
361	052R	0.636363636	0.307598707
362	052W	0.363636364	0.165126942
363	052Y	0.727272727	0.111509555
364	053G	0.454545455	0.145801625
365	053N	0.545454545	0.193870958
366	053R	0.545454545	0.214109273
367	053W	0.4	0.259444135
368	053Y	0.636363636	0.126867775
369	054G	0.545454545	0.17660968
370	054N	0.636363636	0.253808054
371	054P	0.5	0.148004714
372	054R	0.666666667	0.157940996
373	054W	0.454545455	0.472426694
374	054Y	0.5	0.119011569
375	055G	0	0.365296126
376	055R	0.444444444	0.135808264
377	055W	0.545454545	0.117770327
378	055Y	0.545454545	0.146174817
379	056G	0.636363636	0.113811558
380	056N	0.727272727	0.226061078
381	056P	0.272727273	0.328301861
382	056R	0	0.241240858
383	056W	0.545454545	0.33143139
384	056Y	0.454545455	0.162557261
385	057B	0.454545455	0.26729119
386	057G	0.818181818	0.146555321
387	057N	0.636363636	0.176894693
388	057P	0.454545455	0.161420167
389	057W	0.454545455	0.250595134
390	057Y	0.545454545	0.244224738
391	058B	0.454545455	0.32722065
392	058G	0.7	0.231259225
393	058P	0.818181818	0.130874651
394	058W	0.454545455	0.207357115
395	058Y	0.4	0.204756605
396	059B	0.727272727	0.347540292
397	059G	0.3	0.147571459
398	059P	0.727272727	0.242085343
399	059W	0.363636364	0.252175531
400	059Y	0.7	0.219858305
401	060B	0.7	0.314190373
402	060G	0.636363636	0.160374857
403	060P	0.363636364	0.130196679
404	060W	0.636363636	0.480372467
405	060Y	0.454545455	0.189869486
406	061B	0.545454545	0.193768173
407	061G	0.3	0.522654482
408	061P	0.5	0.174001828
409	061W	0.454545455	0.163999668
410	061Y	0.363636364	0.150102908
411	062G	0.7	0.406661246
412	062P	0.363636364	0.121949298
413	062W	0.545454545	0.258514323
414	062Y	0.4	0.212355933
415	063B	0.363636364	0.23439507
416	063G	0.5	0.299720737
417	063P	0.636363636	0.23597032
418	063W	0.272727273	0.263544098
419	064B	0.636363636	0.132678619
420	064P	0.545454545	0.158495537
421	064W	0.6	0.228403804
422	064Y	0.545454545	0.147543395
423	065B	0.363636364	0.103230026
424	065G	0.375	0.223140919
425	065P	0.625	0.38872854
426	065W	0.454545455	0.135111652
427	066B	0.363636364	0.131546669
428	066G	0.636363636	0.204790758
429	066P	0.5	0.5036853
430	066W	0.5	0.105314823
431	067B	0.272727273	0.126159424
432	067G	0.636363636	0.211642772
433	067P	0.636363636	0.201929741
434	067W	0.454545455	0.149437128
435	068G	0.3	0.139106317
436	068P	0.727272727	0.289039528
437	068W	0.545454545	0.219154301
438	069G	0.636363636	0.237999173
439	069P	0.727272727	0.178107248
440	069W	0.272727273	0.192173477
441	070G	0.545454545	0.261867762
442	070P	0.636363636	0.265328635
443	070W	0	0.64196465
444	070Y	0.636363636	0.202812457
445	071G	0.363636364	0.203718553
446	071W	0.6	0.087917833
447	072G	0.666666667	0.57994039
448	072W	0.666666667	0.424007197
449	073W	0.545454545	0.304371539
450	074W	0.636363636	0.303449814
451	075W	0.454545455	0.413990955
452	076W	0.363636364	0.24595814
453	077R	0.5	0.21519332
454	077W	0.714285714	0.186914406
455	078R	0.444444444	0.39949576
456	078W	0.454545455	0.27259785
457	079W	0.363636364	0.163758855
458	080W	0.4	0.362957607
459	081W	0.636363636	0.109553625
460	082W	0.727272727	0.225267216
461	083W	0.454545455	0.156337796
462	084W	0.363636364	0.108821076
463	085W	0.6	0.232045477
464	086W	0.545454545	0.14989978
465	087W	0.454545455	0.172296042
466	088W	0.545454545	0.358732893
467	089W	0.636363636	0.431002103
468	090W	0.454545455	0.127917438
469	091W	0.545454545	0.179570893
470	092W	0.636363636	0.123380607
471	093W	0.3	0.260012066
472	094W	0.454545455	0.37923018
473	095W	0.444444444	0.445642822
474	096W	0.363636364	0.144158328
475	097W	0.7	0.185359041
476	098W	0.545454545	0.231866047
477	099W	0.8	0.235721117
478	100W	0.166666667	0.70825521
479	101W	0.545454545	0.172208534
480	102W	0.454545455	0.516175675
481	103W	0.571428571	0.118841086
482	104W	0.5	0.318680684
483	110F	0.363636364	0.202197405
484	A001	0	0.221213628
485	A002	0.25	0.139546316
486	A003	1	0.21300071
487	A004	0.666666667	0.596370363
488	A005	0.8	0.325217038
489	A006	0.285714286	0.403917008
490	A007	0.5	0.187434016
491	A008	0.666666667	0.252265725
492	A009	0.666666667	0.358044403
493	A010	0.4	0.271116102
494	A011	0.625	0.210389196
495	A012	0.6	0.37156297
496	A013	0.5	0.159759624
497	A014	0.625	0.178913687
498	A015	0.428571429	0.437644901
499	A016	0.714285714	0.188148832
500	A017	0.857142857	0.310961675
501	A018	0.428571429	0.141779063
502	A019	0	0.146945206
503	A020	0.666666667	0.679890476
504	A021	0.333333333	0.23234915
505	A022	0.428571429	0.415068366
506	A023	0.333333333	0.13495016
507	A024	0.5	0.196396822
508	A025	0.571428571	0.154032649
509	A026	0.625	0.187601265
510	A027	0.714285714	0.300699063
511	A028	0.666666667	0.330886826
512	A029	0.5	0.254904887
513	A030	0.375	0.191078795
514	A034	0.75	0.123508809
515	A035	0.5	0.398328919
516	A037	0.666666667	0.252105285
517	A038	0.375	0.450185428
518	A039	0.75	0.149027812
519	A040	0.142857143	0.239547027
520	A041	0.4	0.22081908
521	A042	1	0.122680182
522	A043	0.75	0.253497021
523	A045	0.285714286	0.248898683
524	A046	0.5	0.57876024
525	A047	0.333333333	0.304057336
526	A049	0.833333333	0.184654491
527	A050	0.428571429	0.175357439
528	A051	0.333333333	0.415763025
529	A052	0.6	0.271974234
530	A053	0.555555556	0.552010254
531	A054	0.666666667	0.273927664
532	A055	1	0.359939931
533	A056	0	0.632601305
534	A057	0.666666667	0.475628232
535	A058	0	0.322348049
536	A059	0.666666667	0.324631218
537	A060	0	0.355009448
538	A061	0.444444444	0.227876405
539	A062	0.75	0.278806549
540	A063	0.333333333	0.118931226
541	A064	0	0.366362866
543	A066	0	0.574842249
544	A067	0.2	0.141503737
545	A068	0.3	0.172160948
546	A070	0.285714286	0.194457692
547	A071	0.25	0.139109537
548	A072	0.625	0.248523228
549	A073	0.545454545	0.191820992
550	A074	0.666666667	0.142813416
551	A075	0.714285714	0.152566607
552	A078	1	0.240639137
553	A079	0.666666667	0.214248696
554	A080	0.6	0.154403932
555	A081	0.333333333	0.412744814
556	B026	0.571428571	0.128389515
557	B034	0.454545455	0.17569951
558	B035	0.454545455	0.153763837
559	C003	0.5	0.410312615
560	C004	0.5	0.180895213
561	C005	0.714285714	0.33107914
562	C006	0.555555556	0.32801207
563	C007	0	0.666747205
564	C008	0.2	0.213504542
565	C009	0	0.366810733
566	C010	0	0.445054432
567	C011	0.5	0.608865507
568	C012	0.25	0.304774449
569	C013	0	0.543666098
570	C014	0.428571429	0.370737593
571	C016	0.75	0.148197531
572	C017	1	0.36329214
573	C018	0.5	0.264252171
574	C019	0.75	0.622284896
575	C020	0.714285714	0.168920405
576	C021	0.428571429	0.126447593
577	C022	0	0.202694452
578	C023	0.571428571	0.106246908
579	C024	0.428571429	0.435523348
580	C025	0.666666667	0.203433101
581	C027	0.714285714	0.252771806
582	C028	0.857142857	0.178659332
583	C029	0.5	0.565821305
584	C030	0	0.30349956
585	C031	0.2	0.21807031
586	C032	0.2	0.243926078
587	C033	0.6	0.240444487
588	C034	0	0.416059273
589	C035	0.6	0.154813231
590	C036	0.75	0.330208906
591	C037	0.6	0.456861429
592	C038	0.25	0.36468312
593	C039	0.428571429	0.289662591
594	C040	0	0.50624301
595	C041	0.571428571	0.571637616
596	C042	0.714285714	0.156790646
597	C043	0.5	0.246217959
598	C044	0.5	0.460629348
599	C045	0.428571429	0.133347784
600	C046	0.428571429	0.155988382
601	C047	0.166666667	0.767019165
602	C049	0.4	0.438405134
603	C050	0.166666667	0.63908385
604	C051	0.5	0.350466711
605	C053	0.444444444	0.294237053
606	C054	0	0.656593014
607	C055	0.25	0.307354036
608	C056	0.333333333	0.136048402
609	C057	0	0.343506142
610	C058	0.714285714	0.135134347
611	C059	0.666666667	0.150555831
612	C060	0.166666667	0.244570624
614	C062	0.875	0.381554485
615	C063	0	0.235895177
616	C064	0.285714286	0.419860893
617	C065	0.5	0.305705506
618	C066	0.75	0.307326614
619	C067	0.285714286	0.256175731
620	C068	0.571428571	0.242386212
621	C069	0.625	0.195451157
622	C070	0.714285714	0.160053612
623	C071	0.75	0.187265188
624	C072	0.571428571	0.184894497
625	C074	0.5	0.228572507
626	C075	0	0.557004829
627	C076	0.428571429	0.469814342
629	C078	0.75	0.264363722
630	C080	0	0.447050097
631	C081	1	0.479397251
632	C082	0	0.383419218
633	C083	0	0.231673741
634	C084	1	0.367972837
635	C085	1	0.698236746
636	C086	0.75	0.27183705
637	C087	0.75	0.186118426
638	C088	1	0.261497708
639	C091	0	0.381972054
640	C092	0	0.579992892
641	C093	0.5	0.191739828
642	C094	0.444444444	0.163214055
643	C095	0.2	0.323693335
644	C096	0.428571429	0.405819639
645	C097	0	0.295527892
646	C098	0	0.260437007
647	C099	0.5	0.234363435
648	C100	0.5	0.288227607
649	C102	0.75	0.558806223
650	C103	0.2	0.157147241
652	C106	0.5	0.176629866
653	C107	0.5	0.374924271
654	C108	0.2	0.285207176
655	C110	0	0.460280567
656	C111	0.5	0.254080523
657	C113	1	0.630826822
658	C114	0.428571429	0.155297345
660	C116	0	0.469647085
661	C117	0.428571429	0.150020963
662	C118	0.375	0.417288518
663	C119	0.571428571	0.132330757
664	C120	0.714285714	0.182986874
665	C121	0.714285714	0.299047718
666	C122	0.714285714	0.164811605
667	C123	0.5	0.757818847
668	C124	0.666666667	0.391721897
669	C125	0.8	0.309143795
670	C126	0.666666667	0.385368802
671	C127	0.6	0.322879734
672	C128	0.375	0.495997921
675	C131	0	0.689036444
678	C135	0.333333333	0.236749655
679	C136	0.8	0.134800899
680	C137	0.428571429	0.272976263
681	C138	0.5	0.255515166
682	D002	0.428571429	0.302575406
683	D003	0.625	0.234637473
684	D004	0.666666667	0.313684059
685	D005	0.625	0.160673914
686	D006	0.285714286	0.416173134
687	D007	0.333333333	0.261196725
688	D008	0.571428571	0.189130054
689	D009	0.571428571	0.204342489
690	D010	0.285714286	0.400832648
691	D011	0.5	0.108029023
692	D012	0	0.203814622
693	D013	0.142857143	0.244224649
694	D014	0.142857143	0.36531595
695	D015	1	0.300044181
696	D017	0.666666667	0.138266221
697	D018	0.25	0.131955072
698	D019	0.714285714	0.143248983
699	D020	0.666666667	0.145864159
700	D021	0.444444444	0.239162965
701	D022	0.666666667	0.446526752
702	D023	0.6	0.214382225
703	D024	0.714285714	0.450175054
704	D025	0.444444444	0.157086464
705	D026	0.571428571	0.354755198
706	D027	0.571428571	0.178110014
707	D028	0.666666667	0.145372978
708	D029	0.6	0.229280993
709	D030	0.571428571	0.212275165
710	D031	0.75	0.16746782
711	D032	0.5	0.306985481
712	D033	0.333333333	0.435292747
713	D034	0	0.773370502
714	D035	0.75	0.181379458
715	D036	0.5	0.380485471
716	D037	0.333333333	0.420745993
717	D038	0.75	0.310506048
718	D039	1	0.254067279
719	D040	0.555555556	0.173474773
720	D041	0.2	0.522680954
721	D042	0.444444444	0.131588443
722	D043	0.625	0.438050574
723	D044	0.142857143	0.411424978
724	D045	0.3	0.303303889
725	D046	0.5	0.21311145
726	D047	0.666666667	0.195673697
727	D048	0.2	0.272774766
728	D049	0.625	0.204598309
729	D050	0.75	0.159371306
730	D051	0.5	0.355133731
731	D052	0.166666667	0.679933284
732	D054	0.5	0.317097252
733	D055	0.5	0.545195916
734	D056	0.571428571	0.243367651
735	D057	0	0.554125213
736	D058	0.5	0.18731025
737	D059	0.375	0.378649566
738	D060	0.75	0.489776403
739	D061	0.75	0.159919439
740	D062	0.666666667	0.31437955
741	D063	0.4	0.446688786
742	D064	0.428571429	0.18082857
743	D065	0.666666667	0.33305383
744	D066	0.625	0.215282558
745	D067	0.666666667	0.424613689
746	D068	0.75	0.237130451
747	D069	0.8	0.440579942
748	D070	0.5	0.460611874
749	D071	0.375	0.224843068
750	D072	0	0.365003598
751	D073	0.625	0.267475353
752	D074	0.375	0.189016949
753	D075	0	0.37245398
754	D076	0.666666667	0.333635516
755	D077	0.75	0.203266721
756	D079	0.875	0.132328416
757	D080	0.375	0.276458626
758	D081	0.5	0.226928655
759	D082	0.375	0.28032951
760	D083	0.428571429	0.222790127
761	E002	1	0.317997766
762	E004	0.571428571	0.169682147
763	E005	0.666666667	0.204860669
764	E008	0.444444444	0.214358906
765	E011	0	0.694630248
766	E012	0.571428571	0.215213775
767	E014	0.625	0.255112546
768	E015	0.5	0.288387741
769	E016	0.428571429	0.475028914
770	E017	0.625	0.222678236
771	E018	0.857142857	0.23128289
772	E019	0.714285714	0.232177382
773	E020	0.375	0.172067456
774	E021	0.333333333	0.668200357
775	E022	0.25	0.12415438
776	E023	0.5	0.220632404
777	E024	0.428571429	0.481857435
778	E025	0.333333333	0.245976357
779	E026	0	0.290817579
780	E027	0.6	0.10609632
781	E030	0.5	0.357674168
782	E031	0.666666667	0.253853205
783	E032	0	0.544833237
784	E033	0.666666667	0.207303955
785	E034	0.6	0.16583689
786	E035	0.5	0.203098549
787	E036	0.428571429	0.445604625
788	E037	0.444444444	0.14235664
789	E040	0.571428571	0.136937943
790	E050	0.545454545	0.191744458
791	E051	0	0.746916858
792	E054	0	0.609593916
793	E060	0.666666667	0.296441742
794	E065	0.125	0.204745214
795	E068	0.25	0.395158138
796	E070	0.571428571	0.193632135
797	E071	1	0.491213361
798	E072	0.5	0.219701628
799	E073	0.636363636	0.1858834
800	E075	0.5	0.283407398
801	E076	0.5	0.313075051
802	E077	0.5	0.137464208
803	E083	0.333333333	0.329304199
804	E084	0.5	0.150201476
805	E085	1	0.457560905
806	E086	0.625	0.168678631
807	E087	0.636363636	0.254281699
808	E088	0.333333333	0.294204692
809	E090	0.166666667	0.345413761
810	E094	0.428571429	0.341391073
811	E096	1	0.23643891
812	E097	0.666666667	0.279566902
813	E098	1	0.354132406
814	E100	0.5	0.659186531
815	E101	0.833333333	0.154302091
816	E102	0.75	0.160695435
818	E104	0.666666667	0.177907708
819	E106	0.454545455	0.374501034
820	F001	0.555555556	0.221454722
821	F002	0.444444444	0.210896367
822	F003	0.75	0.193243496
823	F004	0.571428571	0.469721367
824	F005	0.714285714	0.178437865
825	F007	0.571428571	0.176852105
826	F009	0.375	0.515095675
827	F011	0.222222222	0.324522069
828	F012	0.222222222	0.171028562
829	F013	0.6	0.1767262
830	F014	0.727272727	0.182885336
831	F015	0.545454545	0.357878352
832	F017	0.6	0.20642018
833	F019	0.428571429	0.462197694
834	F020	0.428571429	0.250726344
835	F022	0.571428571	0.379741362
836	F023	0.777777778	0.210336458
837	F024	0.25	0.399063378
838	F025	0.555555556	0.36115527
839	F027	0.3	0.429244694
840	F028	0.6	0.156598489
841	F029	0.5	0.146248838
842	F030	0.285714286	0.213290333
843	F032	0.625	0.32507149
844	F033	0.857142857	0.159433949
846	F036	0.571428571	0.14002717
847	F037	0.333333333	0.357658663
848	F038	0.428571429	0.260917416
849	F040	0.6	0.128412738
850	F041	0.2	0.559022006
851	F042	0.5	0.217955699
852	F043	0.666666667	0.16226314
853	F044	0.666666667	0.217016208
854	F045	0.714285714	0.111833719
856	F048	0.142857143	0.16550238
857	F049	0.571428571	0.495849793
858	F050	0.555555556	0.338580398
859	F051	0.545454545	0.256471455
860	F052	0.636363636	0.144312146
861	F053	0.333333333	0.121663286
862	F055	0.363636364	0.297330703
863	F056	0.727272727	0.206628172
864	F057	0.545454545	0.145222708
865	F058	0.333333333	0.166621078
866	F059	0.25	0.218338357
867	F060	0.727272727	0.1568883
869	F062	0.5	0.277144052
870	F063	0.727272727	0.19867796
871	F064	0.545454545	0.265038557
872	F066	0.375	0.147801205
873	F069	0.333333333	0.150079148
874	F074	0.571428571	0.226885304
875	F075	0.454545455	0.193962537
876	F076	0.636363636	0.236720719
877	F077	0.727272727	0.258853726
878	F078	0.333333333	0.262797102
879	F079	0.571428571	0.181575951
880	F094	0.875	0.302911081
881	F095	0.636363636	0.241384063
882	G017	0.5	0.236339989
883	G071	0.5	0.341035313
885	H002	0.333333333	0.511921683
886	H003	0.25	0.206295411
887	H004	0.555555556	0.1412384
888	H006	0.555555556	0.227194386
889	H007	0.714285714	0.176878603
890	H008	0.375	0.183225035
891	H009	0.5	0.637482618
892	H010	0	0.71573358
893	H011	0.571428571	0.277778488
894	H012	0.285714286	0.360532922
895	H013	0.166666667	0.695950404
896	H014	0.777777778	0.176318253
897	H015	0.714285714	0.320064708
898	H016	0.5	0.80177567
899	H017	1	0.40064326
900	H018	0.714285714	0.177047542
901	H019	0.333333333	0.126871957
902	H020	0.428571429	0.191659573
903	H021	0.428571429	0.373928265
904	H022	0.428571429	0.205494855
905	H023	0	0.246060794
906	H024	0.5	0.178764722
907	H025	0.4	0.497283138
908	H026	0.285714286	0.204070791
909	H027	0.857142857	0.196667673
910	H028	0.571428571	0.184548349
911	H029	0.75	0.130020751
912	H030	0.428571429	0.18362409
913	H031	0.857142857	0.11990543
914	H032	0.666666667	0.296941243
916	H034	0.571428571	0.379483828
917	H035	0.571428571	0.156412691
918	H036	0.5	0.376463155
919	H037	0.375	0.3464583
920	H038	0.4	0.412893915
921	H039	0.5	0.300480714
922	H040	0.444444444	0.261150911
923	H041	0.666666667	0.619564643
924	H042	0.125	0.533812489
925	H043	0.333333333	0.696281558
926	H044	0.571428571	0.336033758
927	H045	0.333333333	0.184623759
928	H046	0.857142857	0.219114373
929	H047	0.428571429	0.256570332
930	H048	0.555555556	0.257491572
931	H050	0.2	0.123333191
932	H051	0.375	0.351419454
933	H052	0.666666667	0.304606072
934	H053	0.5	0.133719803
935	H054	0	0.268787279
936	H055	0.75	0.135119454
937	H056	0.666666667	0.299295123
938	H057	0.428571429	0.504257416
939	H058	0.428571429	0.197603121
940	H059	0.444444444	0.24885188
941	H060	0.666666667	0.21411374
942	H061	0.428571429	0.224631051
943	H062	0.333333333	0.733636545
944	H063	0.875	0.179608723
945	H064	0.428571429	0.330100836
946	H065	0.2	0.408809564
947	H066	0.5	0.560730177
948	H067	0.333333333	0.154336315
949	H069	0.625	0.192097958
950	H071	0.333333333	0.286066362
951	H072	0.2	0.287335806
952	H073	0.571428571	0.192511812
953	H075	0.4	0.342038617
954	H076	1	0.352144858
955	I002	0.714285714	0.172602127
956	I003	0.875	0.218042014
957	I004	0.375	0.153177671
958	I005	0.625	0.201458929
959	I006	0.5	0.183877908
960	I007	0.5	0.200679134
961	I008	0.625	0.321662186
962	I010	0.625	0.156783669
963	I011	0.625	0.106886361
964	I012	0.875	0.251643128
965	I013	0.75	0.316871514
966	I014	0.625	0.211362329
967	I015	0.75	0.219566954
968	I016	0.375	0.177872063
969	I017	0.625	0.3316575
970	I018	0.75	0.29332652
971	I019	0.5	0.169786401
972	I020	0.5	0.148154545
973	I021	0.5	0.141301863
974	I022	0.75	0.209003305
975	I023	0.5	0.245582357
976	I024	0.625	0.167204741
977	I025	0.5	0.237855755
978	I026	0.375	0.272770104
979	I028	0.75	0.20627104
980	I029	0.5	0.310527859
981	I030	0.625	0.174939985
982	I031	0.125	0.308816421
983	I032	0.5	0.131807398
984	I033	0.75	0.382763882
985	I034	0.571428571	0.417683753
986	I035	0.5	0.229543263
987	I036	0.75	0.209014021
988	I037	0.5	0.284361507
989	I038	0.625	0.162643061
990	I039	0.333333333	0.316489474
991	I040	0.25	0.363532794
992	I041	0.75	0.160614443
993	I042	0.8	0.206299116
994	I043	0.5	0.200354037
995	I044	0.636363636	0.128144322
996	I045	0.25	0.23396848
997	I046	0.454545455	0.119933185
998	I047	0.285714286	0.212667883
999	I049	0.25	0.392829415
1000	I050	0.5	0.327973103
1001	I051	0.4	0.259761098
1002	I052	0.818181818	0.141864531
1003	J002	0.5	0.354478935
1004	J003	0.625	0.140880269
1005	J004	0.6	0.247802786
1006	J005	0.625	0.199282951
1007	J006	0.375	0.194282478
1008	J007	0.375	0.119232559
1009	J008	0.5	0.323427514
1010	J009	0.571428571	0.312453056
1011	J010	0.375	0.180223783
1012	J011	0.5	0.206167231
1013	J012	0.375	0.251764347
1014	J013	0.375	0.225127184
1015	J014	0.75	0.231220171
1016	J015	0.5	0.319140773
1017	J016	0.2	0.395582965
1018	J017	0.5	0.322278932
1019	J018	0.428571429	0.152368849
1020	J019	0.625	0.170613504
1021	J020	0.5	0.101792044
1022	J021	0.5	0.195437837
1023	J022	0.625	0.156908768
1024	J023	0.625	0.303501152
1025	J024	0.625	0.491331648
1026	J025	0.625	0.166088594
1027	J026	0.5	0.111577658
1028	J027	0.375	0.289541287
1029	J028	0.5	0.301904664
1030	J029	0.75	0.130204851
1031	J030	0.571428571	0.177605388
1032	J031	0.714285714	0.174176874
1033	J032	0.571428571	0.226622823
1034	J033	0.142857143	0.102330576
1035	J034	0.5	0.331603088
1036	J035	0.625	0.439421444
1037	J036	0.375	0.160789286
1038	J037	0.4	0.248280821
1039	J038	0.625	0.432627718
1040	J039	0.875	0.139873345
1041	J040	0.625	0.237859689
1042	J041	0.428571429	0.254400565
1043	J042	0.625	0.125269156
1044	J043	0.333333333	0.646911909
1045	J044	0.5	0.17270448
1046	J045	0.714285714	0.267044376
1047	J046	0.714285714	0.305016251
1048	J047	0.375	0.239500032
1049	J048	0.5	0.580822763
1050	J049	0.5	0.324856858
1051	J050	0.25	0.167347132
1052	J051	0.428571429	0.123501902
1053	J052	0.375	0.144853823
1054	J053	0.285714286	0.169221769
1055	J054	0.714285714	0.41858784
1056	J055	0.285714286	0.428428201
1057	J056	0.75	0.326116462
1058	J057	0.333333333	0.151467152
1059	J058	0.75	0.236657695
1060	J059	1	0.468888494
1061	J060	0.4	0.375502384
1063	J062	0.25	0.22526885
1064	J063	0.25	0.150525716
1065	J064	0.428571429	0.184588352
1066	J065	0.666666667	0.300195373
1067	J066	0.75	0.453484392
1068	J067	0.666666667	0.510783566
1069	J068	0.5	0.255022861
1070	J069	0.727272727	0.098542364
1071	J070	0.375	0.134548119
1072	J071	0.75	0.224923663
1073	J072	0.625	0.137579626
1074	J073	0.166666667	0.291438067
1075	J074	0.625	0.177726277
1076	J076	0.75	0.255074644
1077	J077	0.625	0.313590585
1078	J078	0.625	0.303264446
1079	J079	1	0.314502368
1080	J080	0.625	0.241641165
1081	J081	0.375	0.592770038
1082	J082	0.625	0.178116602
1083	J083	0.428571429	0.143900474
1084	J084	0.625	0.191724423
1085	J085	0.5	0.239221555
1086	J087	0.5	0.408938317
1087	J088	0.125	0.24463184
1088	J089	0.5	0.166257223
1089	J090	0.428571429	0.297218089
1090	J091	0.625	0.116913942
1091	J092	0.5	0.273681516
1092	J094	0.333333333	0.527886107
1093	J095	0.75	0.271072737
1094	J096	0.4	0.160441038
1095	J097	0.5	0.271224673
1096	K002	0.666666667	0.365092231
1097	K003	0.428571429	0.357929421
1098	K004	0.636363636	0.115578236
1099	K005	0.571428571	0.105995733
1100	K006	0.714285714	0.157951369
1101	K007	0	0.457839977
1102	K008	0.6	0.562322395
1103	K009	0.25	0.340072348
1104	K010	0	0.565084197
1105	K011	0.833333333	0.26727469
1106	K012	0.571428571	0.2986685
1107	K013	0.75	0.419264497
1108	K014	0.6	0.373904722
1109	K016	0.2	0.313947319
1110	K017	0.625	0.153909416
1111	K019	0.428571429	0.175561102
1112	K020	0.8	0.214187515
1113	K021	0.454545455	0.559942412
1114	K022	0.5	0.138533598
1115	K023	0.142857143	0.23249959
1116	K024	0.222222222	0.356007106
1117	K025	0.75	0.316544012
1118	K027	1	0.398498042
1119	K028	0.333333333	0.44595585
1120	K029	0.5	0.177981781
1121	K030	0.363636364	0.457738732
1122	K031	0.333333333	0.242602412
1123	K032	0.625	0.269415698
1124	K033	0.666666667	0.263778166
1125	K034	0.818181818	0.267897204
1126	K035	0.625	0.43467252
1127	K037	0.5	0.19647695
1128	K038	0.714285714	0.207058296
1129	K039	0.333333333	0.186628081
1130	K041	0.428571429	0.179694986
1131	K043	0.727272727	0.180505127
1132	K044	0.545454545	0.454869481
1133	K046	0.5	0.263262822
1134	K047	0.545454545	0.204875061
1135	K048	0.6	0.202145194
1136	K050	0.571428571	0.132105341
1137	K051	0.375	0.17263208
1138	K052	0.6	0.126454467
1139	K053	0.636363636	0.57171992
1140	K054	0.727272727	0.489780741
1141	K055	0.555555556	0.149489655
1142	K056	0.636363636	0.595783348
1143	K057	0.363636364	0.160080871
1144	K058	0.25	0.407064397
1145	K059	0.7	0.125309595
1146	K060	0.363636364	0.165497295
1147	K062	0.454545455	0.208416481
1148	K064	0.285714286	0.234762334
1149	K065	0.333333333	0.274032889
1150	K066	0.75	0.286791813
1151	K068	0	0.270972947
1152	K069	0.4	0.173699293
1153	K070	0.428571429	0.463042611
1154	K071	0.5	0.198244848
1155	K072	0.571428571	0.213342277
1156	K073	0.375	0.24921577
1157	K074	0.5	0.206051099
1158	K077	0.5	0.123718556
1159	K078	0.5	0.296412044
1161	K084	0.857142857	0.175978038
1162	K085	0.625	0.687931777
1163	K086	0.5	0.311042878
1164	K087	0.714285714	0.147862123
1165	K088	0.428571429	0.274567732
1166	K089	0.4	0.328712678
1167	K090	0.545454545	0.358689758
1168	K091	0.666666667	0.50004187
1169	K092	0.714285714	0.25900463
1170	K093	0.818181818	0.262084634
1171	L001	0.454545455	0.101211898
1173	L006	0.5	0.132178425
1174	L007	0.545454545	0.31854326
1175	L008	0.375	0.39741346
1176	L009	0.166666667	0.374129932
1177	L010	0.428571429	0.221565038
1178	L011	0.428571429	0.361102933
1179	L012	0.5	0.116381335
1180	L013	0.454545455	0.174034977
1181	L014	0.571428571	0.242551695
1183	L017	0.333333333	0.432066741
1184	L023	0.666666667	0.170035807
1185	L030	0.272727273	0.173118146
1186	L031	0.2	0.208267106
1187	L032	0.333333333	0.155375211
1188	L033	0.333333333	0.3108354
1189	L035	0.555555556	0.177070945
1190	L036	0.454545455	0.419829982
1191	L037	0.333333333	0.331460004
1192	L038	0.166666667	0.240751455
1193	L040	0.4	0.251186031
1194	L041	0.2	0.5988909
1195	L042	0.4	0.14293575
1196	L043	0.727272727	0.237273787
1197	L044	0.166666667	0.231563376
1198	L045	0.375	0.312411766
1199	L046	0.5	0.186212208
1200	L047	0.666666667	0.169132583
1201	L048	0.5	0.151945602
1202	L049	0.25	0.669867158
1203	L051	0.727272727	0.151306973
1204	L052	0.666666667	0.178934475
1205	L053	0.333333333	0.296733203
1206	L054	0.571428571	0.390216305
1207	L055	0.4	0.153236402
1208	L056	0.625	0.182095326
1209	L057	0.636363636	0.48519238
1210	L058	0.3	0.611164061
1211	L059	0.75	0.132976544
1212	L060	0.428571429	0.389575323
1213	L061	0.636363636	0.307155339
1214	L062	0.5	0.308800074
1215	L063	0.625	0.546483558
1216	L064	0.4	0.329457235
1217	L065	0.25	0.215943017
1218	L066	0.625	0.325706775
1219	L067	0.5	0.191991925
1220	L068	0.571428571	0.200023706
1221	L070	0.818181818	0.119340098
1222	L071	0.666666667	0.276559431
1223	L073	0.7	0.207622247
1224	L074	0.666666667	0.126058729
1225	L075	0.454545455	0.243575824
1226	L079	0.545454545	0.132492986
1227	L080	0.6	0.202927808
1228	M001	0.375	0.236242716
1229	M003	0.142857143	0.180711489
1230	M004	0	0.386377287
1231	M005	0	0.570698326
1232	M006	1	0.240734994
1233	M009	0.5	0.231281031
1234	M010	0.5	0.26545425
1235	M011	0.5	0.327295492
1236	M012	1	0.644118157
1237	M013	0.857142857	0.410321956
1238	M014	0.428571429	0.190860225
1239	M015	0.571428571	0.142343458
1240	M016	0.75	0.203213622
1241	M017	0.5	0.139572273
1242	M018	0.4	0.546069506
1243	M019	0.4	0.256347466
1244	M020	0.428571429	0.368426959
1245	M021	0.833333333	0.388343297
1246	M022	0.333333333	0.195195527
1247	M023	0.2	0.273265746
1248	M024	0.714285714	0.183918063
1249	M025	0.5	0.264155656
1250	M026	0.285714286	0.43237344
1251	M027	0.625	0.350621418
1252	M028	0.571428571	0.250426241
1253	M029	0.5	0.159902191
1254	M030	0.5	0.226686505
1255	M031	0.833333333	0.315372723
1256	M032	0.5	0.263203135
1257	M033	0.285714286	0.321025755
1258	M034	0.428571429	0.33309671
1259	M035	0.625	0.23290394
1260	M036	0.5	0.145754982
1261	M037	0.625	0.255658501
1262	M038	1	0.521735664
1264	M042	0.571428571	0.216373509
1265	M043	0.375	0.131146851
1266	M045	0.4	0.238464278
1267	M046	0	0.261271416
1268	M047	0.6	0.41332589
1269	M048	1	0.485882132
1270	M050	0	0.669294089
1271	M051	0.666666667	0.185768006
1272	M052	0.428571429	0.153867331
1273	M055	0	0.59560466
1274	M056	0.75	0.18631112
1275	M057	0.428571429	0.107221009
1276	M058	0.375	0.177286932
1277	M059	0.375	0.182195157
1278	M060	0.714285714	0.246692663
1279	M061	0.25	0.230642518
1280	M062	0.428571429	0.281758805
1281	M063	0.333333333	0.753726162
1282	M064	0.75	0.129171707
1283	M066	0.333333333	0.206753018
1284	M067	0.6	0.661719401
1285	M068	0.5	0.35357811
1287	M070	0.571428571	0.218640582
1288	M071	0.833333333	0.271827071
1289	M072	0.125	0.246415698
1290	M073	0	0.314492293
1292	M075	0.333333333	0.398633981
1293	M076	0.5	0.452628917
1294	M077	0.4	0.257123603
1296	M079	0.5	0.587588722
1297	M082	0.5	0.176390057
1298	M083	0.333333333	0.420349518
1299	M084	0	0.757468943
1300	M085	0	0.438864363
1301	M086	0.25	0.303481078
1302	M087	0.545454545	0.333661561
1303	M088	0.272727273	0.128727609
1305	M090	1	0.296522874
1306	M091	0.111111111	0.151153481
1307	M092	0.285714286	0.33023473
1308	M093	0.2	0.147988666
1309	M094	0.285714286	0.346251259
1310	M095	0.666666667	0.370931378
1311	M096	0.5	0.221376062
1312	M097	0.625	0.161964706
1313	M098	0.571428571	0.205279568
1314	M099	0.555555556	0.338428855
1315	M103	0.625	0.138774959
1316	M104	0.75	0.195611967
1317	M105	0.545454545	0.136538876
1318	M106	0.375	0.128483938
1319	M107	0.625	0.242348749
1320	M108	0.75	0.309319203
1321	M109	0.833333333	0.187557564
1322	M110	0.75	0.18295526
1323	M111	0	0.252768804
1324	M112	0.636363636	0.433235482
1326	M115	0.166666667	0.146515078
1327	M116	0.454545455	0.14049169
1328	N001	0.545454545	0.227615149
1329	N004	0.571428571	0.424963972
1330	N005	0.5	0.169221699
1331	N007	0.166666667	0.247230191
1332	N008	0.5	0.218522074
1333	N012	0.875	0.149994358
1334	N016	0.333333333	0.219724897
1335	N018	0.714285714	0.234105584
1336	N019	0.333333333	0.583564969
1337	N020	0.833333333	0.150944956
1338	N026	0.833333333	0.408846456
1339	N028	0.714285714	0.577407236
1340	N031	0.75	0.215580352
1341	N033	0.333333333	0.164474094
1342	N035	0.666666667	0.24301862
1343	N037	0	0.76662464
1344	N042	0.75	0.361651634
1345	N044	0.636363636	0.240392406
1346	N045	0.555555556	0.334901686
1347	N047	0.5	0.41563948
1348	N048	0.363636364	0.262814819
1349	N049	0.25	0.136383273
1350	N050	0.5	0.232552508
1351	N051	0.5	0.343134318
1352	N052	0.8	0.25107368
1353	N053	0.4	0.328531532
1354	N054	0.666666667	0.210416926
1355	N058	0.571428571	0.158894941
1356	N059	0.285714286	0.118113081
1357	N060	0.375	0.136544722
1358	N061	0.454545455	0.183322856
1359	N062	0.5	0.288107842
1360	N063	0.714285714	0.218754854
1361	N064	0.571428571	0.334671437
1362	N076	0.75	0.187359185
1363	O008	0.875	0.181063298
1364	O011	0.444444444	0.126415539
1365	O024	0.555555556	0.205736379
1366	O029	0.666666667	0.100750901
1367	O030	0.5	0.167619755
1368	O031	0.375	0.1390946
1369	O034	0.666666667	0.157945478
1371	P003	0.5	0.252048248
1372	P005	0.714285714	0.449527758
1373	P009	0.714285714	0.356570745
1374	P011	0.555555556	0.263309713
1375	P013	0.375	0.133807936
1376	P018	0.571428571	0.360795107
1377	P020	0.5	0.221908783
1378	P028	0.5	0.334475767
1379	P035	0.6	0.190623824
1380	P038	0.714285714	0.292809557
1381	P042	0.875	0.232274651
1382	P043	0.6	0.17756061
1383	P045	0.2	0.143109549
1384	P051	0.4	0.214122317
1385	P052	0	0.397273293
1386	P054	0.25	0.193412829
1387	Q001	0.714285714	0.272422915
1388	Q003	1	0.384405544
1389	Q004	0.4	0.187118787
1390	Q005	0.333333333	0.15517724
1391	Q006	0.75	0.423677776
1392	Q007	0.857142857	0.309260791
1393	Q008	0.5	0.159275191
1394	Q009	0.625	0.195157769
1395	Q010	0.625	0.11961315
1396	Q011	0.25	0.281438495
1397	Q012	0.5	0.413158851
1398	Q013	0.75	0.17314333
1399	Q014	0.875	0.124001399
1400	Q015	0.428571429	0.324957197
1401	Q016	0.5	0.122392868
1402	Q017	0.666666667	0.177706304
1403	Q018	0.428571429	0.147522807
1404	Q019	0.625	0.14242656
1405	Q020	0.75	0.172797826
1406	Q021	0.625	0.315971424
1407	Q022	0.875	0.198603428
1408	Q023	0.625	0.178768201
1409	Q024	0.75	0.204188041
1410	Q025	0.5	0.114090373
1411	Q026	0.75	0.26755402
1412	Q027	0.875	0.190079895
1413	Q028	0.875	0.283064447
1414	Q029	0.444444444	0.165384085
1415	Q030	0.5	0.353726049
1416	Q031	0.5	0.138911967
1417	Q032	0.625	0.441569278
1418	Q033	1	0.222910312
1419	Q034	0.375	0.18071973
1420	Q035	0.375	0.31090194
1421	Q036	0.125	0.207838396
1422	Q037	0.375	0.428166441
1423	Q038	0.5	0.439785082
1424	Q039	0.375	0.225810348
1425	Q040	0.375	0.402506772
1426	Q041	0.5	0.327463147
1427	Q042	0	0.563145389
1428	Q043	0.333333333	0.37708129
1429	Q044	0.5	0.730541692
1430	Q045	0.75	0.368812973
1431	Q046	0.5	0.302999694
1432	Q047	0.428571429	0.470084135
1433	Q048	0.625	0.159082859
1434	Q049	0.875	0.149040764
1435	Q050	0.375	0.15738377
1436	Q051	0.625	0.2102889
1437	Q052	0.625	0.181503411
1438	Q053	0.375	0.186397834
1439	Q055	0.75	0.210843976
1440	Q056	0.625	0.176918397
1441	Q057	0.375	0.583143108
1442	Q058	0.375	0.204680162
1443	Q059	0.5	0.440514805
1444	Q060	0.625	0.165509077
1445	Q061	0.714285714	0.184148303
1446	Q062	0.375	0.178340023
1447	Q063	0.75	0.439188165
1448	Q064	0.75	0.197736633
1449	Q065	0.75	0.367528725
1450	Q066	0.428571429	0.207155423
1451	Q067	0.625	0.209688468
1452	Q068	0.625	0.468736848
1453	Q069	0.625	0.228539087
1454	Q070	0.75	0.333611056
1455	Q071	0.875	0.338402907
1456	Q072	0.625	0.478984501
1457	Q073	0.625	0.278211631
1458	Q074	0.5	0.1498621
1459	Q075	0.75	0.242948221
1460	Q076	0.5	0.206892009
1461	Q077	0.625	0.262767141
1462	Q078	0.625	0.268330643
1463	Q079	0.25	0.136744299
1464	Q080	0.75	0.189834373
1465	Q081	0.375	0.441804338
1466	Q082	0.25	0.732476407
1467	Q083	0.5	0.142515327
1468	Q084	0.625	0.178320736
1469	Q085	0.875	0.253380134
1470	Q086	0.833333333	0.161013147
1471	Q087	0.875	0.176099396
1472	Q088	0.625	0.264789235
1473	Q089	0.75	0.173517496
1474	Q090	0.571428571	0.184974429
1475	Q091	0.75	0.202524197
1476	Q092	0.625	0.274695367
1477	Q093	0.625	0.198546785
1478	Q094	0.625	0.454308104
1479	Q095	0.428571429	0.131736049
1480	Q096	0.75	0.227729577
1481	Q097	0.571428571	0.437249463
1482	Q098	0.333333333	0.156856785
1483	R013	0.4	0.218746395
1484	R065	0.571428571	0.200792759
1485	S001	1	0.206728912
1486	S002	0.428571429	0.23200891
1487	S003	0.25	0.218985502
1488	S004	0	0.409857723
1489	S006	0.625	0.240589739
1490	S007	0.666666667	0.372483272
1491	S008	0.75	0.192422069
1492	S010	0.2	0.690039225
1493	S011	0	0.336932223
1494	S013	0.2	0.238719067
1495	S014	0.75	0.288175714
1496	S015	0	0.322726722
1497	S016	0.4	0.683536752
1498	S017	0	0.267216905
1499	S018	0.285714286	0.153206456
1500	S019	0.6	0.22984067
1501	S020	0.333333333	0.166991306
1502	S021	0	0.531022633
1503	S022	0.333333333	0.279818031
1504	S023	0.833333333	0.192761633
1505	S024	0.333333333	0.198137748
1506	S025	0.25	0.134679043
1507	S026	0.375	0.398761074
1508	S027	0.571428571	0.317353876
1509	S033	0	0.188361353
1511	S035	0	0.560140195
1512	S036	0.375	0.127010619
1513	S037	0.75	0.201896164
1514	S038	0.285714286	0.495358037
1515	S039	0.5	0.353760395
1516	S040	0	0.328271952
1517	S041	0	0.425132334
1518	S042	1	0.554406511
1519	S043	0.428571429	0.212088683
1520	S045	0.5	0.648574587
1521	T001	0	0.25367259
1522	T006	0.4	0.305482397
1523	T007	1	0.523331792
1524	T008	0.5	0.334714674
1525	T011	0.285714286	0.169002054
1526	T012	0.5	0.236533762
1527	T013	0	0.40442441
1528	T014	0.75	0.370846357
1529	T015	0.428571429	0.402202306
1530	T016	0.666666667	0.245578982
1531	T017	0.333333333	0.16221481
1532	T018	0.428571429	0.199008562
1533	T019	0.555555556	0.239839316
1534	T020	0.714285714	0.177627118
1535	T021	0.285714286	0.160365577
1536	T022	0.428571429	0.434346761
1537	T024	0.428571429	0.320652382
1538	T025	0.545454545	0.255728931
1539	T026	0.833333333	0.240842273
1540	T027	0.857142857	0.191762862
1541	T028	0.666666667	0.495409188
1542	T029	0.25	0.236529632
1543	T030	0.714285714	0.242149393
1544	T031	0.428571429	0.697118581
1545	T032	0.375	0.173276188
1546	T033	0.714285714	0.454287308
1547	T034	0.428571429	0.197787015
1548	T035	0.5	0.141432006
1549	T036	0.75	0.167908183
1550	T038	1	0.645428272
1551	T039	0.333333333	0.185126126
1552	T040	0.6	0.302322374
1553	T041	0.5	0.461331991
1554	T042	0.571428571	0.263307909
1555	T044	0.333333333	0.321476257
1556	T045	0	0.713614726
1557	T046	0.25	0.162312418
1558	T047	0.714285714	0.165103112
1559	T048	0.4	0.401017406
1561	T050	0.25	0.17818925
1562	T051	0.285714286	0.233034744
1563	T052	0	0.411195942
1564	T053	0	0.613954434
1565	T055	0.5	0.586754656
1566	T057	0	0.341820603
1567	T058	0.666666667	0.301371927
1568	T059	0.333333333	0.329822341
1569	T060	0.333333333	0.215222617
1571	T062	0.25	0.289751551
1572	T064	0	0.51609324
1573	T065	0.5	0.167081017
1574	T066	0.666666667	0.314074231
1575	T068	0.5	0.359831717
1576	T071	0.222222222	0.366847788
1577	T072	0.25	0.562320164
1578	T073	0.857142857	0.362845328
1579	T075	0.428571429	0.100437982
1580	T076	0.5	0.114043519
1581	T077	0	0.511741078
1582	T078	0.75	0.210616181
1583	T079	0.285714286	0.356358755
1584	T080	0.625	0.360006088
1585	T081	0.714285714	0.169185278
1586	T082	0.5	0.151859528
1587	T083	0.625	0.33118269
1588	T084	0.571428571	0.312994647
1589	T085	0.4	0.35344819
1590	T086	0.4	0.291895014
1591	T087	0.5	0.193631629
1592	T088	0.5	0.176966977
1593	T089	0.333333333	0.152073659
1594	T090	0.285714286	0.562722219
1595	T091	0.6	0.174750649
1596	T093	0.714285714	0.302102947
1598	T096	0	0.283335899
1599	T097	0.25	0.192407847
1600	T098	0.363636364	0.122445726
1601	T099	0.6	0.636000039
1602	T100	0.666666667	0.203196397
1603	T101	0.333333333	0.460450967
1604	T102	0.4	0.192459881
1605	T103	0.666666667	0.123623173
1606	T104	0.75	0.22388866
1607	T106	0.625	0.160854806
1609	T108	0.5	0.224652828
1610	T109	0.428571429	0.231507777
1611	U002	0.75	0.310416384
1612	U003	0.714285714	0.204870554
1613	U004	0.25	0.356857115
1614	U005	0.625	0.239600207
1615	U007	0.75	0.19504586
1616	U008	0.375	0.348226003
1617	U009	0.272727273	0.370457862
1618	U011	0.75	0.178949708
1619	U012	0.5	0.289847458
1620	U015	0.625	0.144738105
1621	U016	0.375	0.25784214
1622	U017	0.25	0.190423498
1623	U020	0.625	0.332042801
1624	U021	0.5	0.299712184
1625	U022	0.625	0.190568396
1626	U023	0.5	0.36560391
1627	U024	0.625	0.245762142
1628	U025	0.75	0.180287456
1629	U026	0.375	0.218505933
1630	U027	0.375	0.368625514
1631	U028	0.5	0.256772591
1632	U029	0.25	0.351824155
1633	U030	0.5	0.578629958
1634	U031	0.625	0.20477279
1635	U032	0.5	0.231897397
1636	U033	0.625	0.237665041
1637	U034	0.75	0.299686377
1638	U035	0.625	0.164067652
1639	U036	0.875	0.321298022
1640	U037	0.5	0.124226846
1641	U038	0.375	0.353174658
1642	U039	0.5	0.254555371
1643	U040	0.75	0.236329839
1644	U041	0.5	0.33648654
1645	U042	0.5	0.237723529
1646	U043	0.375	0.232028596
1647	U044	0.5	0.307234599
1648	U045	0.375	0.253538527
1649	U046	0.625	0.231259467
1650	U047	0.625	0.301528514
1651	U048	0.625	0.278301134
1652	U049	0.625	0.233399267
1653	U050	0.5	0.177418758
1654	U051	0.25	0.187677533
1655	U052	0.375	0.230063948
1656	U053	0.5	0.17067356
1657	U054	0.5	0.208548076
1658	U055	0.25	0.263291275
1659	U056	0.75	0.19638492
1660	U057	0.75	0.133724228
1661	U058	0.5	0.298538705
1662	U059	0.625	0.352872586
1663	U060	0.875	0.181210064
1664	U061	0.375	0.220819565
1665	U062	0.625	0.200705813
1666	U063	0.375	0.211652631
1667	U064	1	0.249003314
1668	U065	0.454545455	0.307115416
1669	U066	0.545454545	0.194295717
1670	U067	0.454545455	0.185354448
1671	U068	0.727272727	0.243184652
1672	U069	0.4	0.126001184
1673	U070	0.727272727	0.283624231
1674	U071	0.818181818	0.358388012
1675	U072	0.454545455	0.105353248
1676	U073	0.545454545	0.296175796
1677	U074	0.727272727	0.167478892
1678	U075	0.454545455	0.151890609
1679	U076	0.454545455	0.212004222
1680	V013	0.666666667	0.257738671
1681	V014	0.166666667	0.255652717
1682	V015	0.25	0.389743036
1683	V016	0.857142857	0.189320466
1684	V017	0.5	0.240007518
1685	V018	0.428571429	0.20955785
1686	V020	0.25	0.765843371
1687	V021	0.333333333	0.219247712
1688	V023	0.333333333	0.287265071
1689	V024	0	0.71602645
1690	V025	1	0.206221507
1691	V026	0.5	0.379798439
1692	V027	0.444444444	0.2809967
1693	V028	0.75	0.248377204
1694	V029	0.5	0.145170612
1695	V030	0.571428571	0.247501585
1696	V031	0.5	0.392891587
1697	V032	0.625	0.199996751
1698	V033	0	0.268687897
1699	V034	0.5	0.230971933
1700	V035	0.833333333	0.233623844
1701	V036	0.4	0.398885765
1702	V037	0.428571429	0.181799413
1703	V038	0.444444444	0.171664352
1704	V039	0.625	0.115328458
1705	V040	0.333333333	0.356453607
1706	V041	0.428571429	0.223774267
1707	V042	0.714285714	0.280637393
1708	V043	0.833333333	0.246351792
1709	V044	0.5	0.168317871
1710	V045	0.571428571	0.211533918
1711	V046	0	0.48193085
1712	V047	0.5	0.25542989
1713	V048	0.5	0.296895216
1714	V049	0.571428571	0.115042513
1715	V050	0.666666667	0.138037336
1716	V051	1	0.144013446
1717	V052	1	0.174434949
1718	V053	0.5	0.263206976
1719	V054	0.428571429	0.174788783
1720	V058	0.428571429	0.416642186
1721	V059	0	0.357245203
1722	V061	0.285714286	0.266202275
1723	V064	0.8	0.183922637
1724	V065	0.333333333	0.306415988
1725	V066	0.333333333	0.320750816
1726	V067	0.75	0.209402012
1727	V068	0.444444444	0.167749714
1728	V072	0.285714286	0.236479907
1729	V073	0.166666667	0.130956052
1730	V074	0.333333333	0.152121734
1731	V075	0.5	0.191439536
1732	V076	0.571428571	0.190516506
1733	V077	0.333333333	0.413864484
1734	V078	0.8	0.14721476
1735	V079	0.571428571	0.58087677
1736	V080	0.75	0.331651549
1737	V081	0.428571429	0.275296666
1738	V082	0.428571429	0.202025977
1741	V085	0.5	0.585242595
1742	V087	0	0.588941892
1743	V088	0.428571429	0.187109523
1744	V089	0.6	0.131766311
1745	V090	0.571428571	0.191263857
1746	V091	0.428571429	0.314880395
1747	V092	0	0.706976036
1748	V093	0.4	0.222664515
1749	V094	0.714285714	0.21694754
1750	V095	1	0.578930331
1751	V096	0.777777778	0.206715967
1752	V097	0.25	0.402799694
1753	V098	0.166666667	0.278480138
1754	V099	0.375	0.140655965
1755	W011	0.714285714	0.252668165
1756	W014	0.428571429	0.335918621
1757	W016	0.571428571	0.101558255
1758	W026	0.666666667	0.249575883
1759	W031	0.75	0.480245407
1760	W038	1	0.162341505
1761	X001	1	0.164408056
1762	X002	0.75	0.136391565
1763	X003	0.7	0.205265515
1764	X004	0.5	0.269699299
1765	X005	0.545454545	0.186462974
1766	X006	0.6	0.17591638
1767	X007	0.7	0.183819068
1768	X008	0.636363636	0.14425466
1769	X009	0.727272727	0.179604966
1770	X010	0.363636364	0.350996834
1771	X011	0.545454545	0.204280644
1772	X012	0.818181818	0.135388148
1773	X013	0.5	0.17048928
1774	X014	0.777777778	0.234537567
1775	X015	0.7	0.128925166
1776	X016	0.727272727	0.426291722
1777	X017	0.375	0.129503892
1778	X018	0.6	0.361031848
1779	X019	0.428571429	0.15056064
1780	X020	0.6	0.172683209
1781	X021	0.545454545	0.126280301
1782	X022	0.6	0.280700311
1783	X023	0.4	0.204641231
1784	X024	0.545454545	0.124846237
1785	X025	0.363636364	0.363024393
1786	X026	0.545454545	0.282872194
1787	X027	0.222222222	0.258879628
1788	X028	0.636363636	0.197082764
1789	X029	0.7	0.108704633
1790	X030	0.454545455	0.187430468
1791	X031	0.363636364	0.344490105
1792	X032	0.625	0.179368228
1793	X033	0.5	0.409928544
1794	X034	0.6	0.309935761
1795	X035	0.454545455	0.18188647
1796	X036	0.454545455	0.136534448
1797	X037	0.8	0.128589471
1798	X038	0.5	0.159672715
1799	X039	0.5	0.387304174
1800	X040	0.875	0.332695723
1801	X041	0.454545455	0.095453313
1802	X042	0.818181818	0.1765759
1803	X043	0.727272727	0.166090059
1804	X044	0.666666667	0.210300631
1805	X045	0.454545455	0.100337747
1806	X046	0.4	0.200840056
1807	X047	0.4	0.666982728
1808	X048	0.727272727	0.123004153
1809	X049	0.5	0.202446379
1810	X050	0.454545455	0.173129351
1811	X051	0.454545455	0.20936331
1812	X052	0.4	0.305949404
1813	X053	0.636363636	0.151700746
1814	X054	0.545454545	0.287401994
1815	X055	0.272727273	0.280720106
1816	X056	0.454545455	0.264659792
1817	X057	0.555555556	0.208111004
1818	X058	0.7	0.249373684
1819	X059	0.454545455	0.200592545
1820	X060	0.363636364	0.108460294
1821	X061	0.666666667	0.492797351
1822	X062	0.454545455	0.129207624
1823	X063	0.4	0.165623106
1824	X064	0.363636364	0.358995503
1825	X065	0.545454545	0.535603819
1826	X066	0.6	0.223913469
1827	X067	0.7	0.173939073
1828	X068	0.444444444	0.129732372
1829	X069	1	0.18752505
1830	X070	0.555555556	0.257733067
1831	X071	0.4	0.183680524
1832	X072	0.444444444	0.48864245
1833	X073	0.4	0.168240068
1834	X074	0.285714286	0.171768262
1835	X075	0.727272727	0.14706052
1836	X076	0.5	0.407219417
1837	X077	0.5	0.330393577
1838	X078	0.6	0.286334334
1839	X079	0.75	0.152790785
1840	X080	0.6	0.257401828
1841	X081	0.6	0.2551724
1842	X082	0.375	0.237927137
1843	X083	0.272727273	0.179345667
1844	X084	0.4	0.262575211
1845	X085	0.4	0.322914044
1846	X087	0.8	0.278595769
1847	X088	0.888888889	0.202394149
1848	X089	0.625	0.167268987
1849	X090	0.5	0.486950097
1850	X091	0.2	0.486826018
1851	Y001	0.6	0.32171908
1852	Y004	0	0.631979242
1853	Y018	0.166666667	0.299172169
1854	Y023	0	0.453978999
1855	Y026	0	0.561733905
1856	Y033	0	0.20107067
1857	Y039	0	0.369820123
1858	Y043	0.666666667	0.130818271
1859	Z001	0.4	0.147420493
1860	Z002	0.6	0.448824619
1861	Z003	0.428571429	0.208386534
1862	Z004	0.5	0.173250758
1863	Z005	1	0.388269824
1864	Z006	0.5	0.224519246
1866	Z011	0.333333333	0.494600085
1867	Z014	0.375	0.397740064
1868	Z015	0	0.456867521
1869	Z016	0.285714286	0.511609625
1870	Z017	0.285714286	0.378295379
1871	Z018	0.666666667	0.123654515
1872	Z019	0.6	0.222831462
1873	Z020	0.714285714	0.213482765
1874	Z021	0.5	0.212539321
1875	Z022	0.5	0.204592952
1876	Z023	0.6	0.184779368
1877	Z024	0.333333333	0.272873872
1878	Z025	0.666666667	0.509432754
1879	Z026	0.714285714	0.150703712
1880	Z027	0.166666667	0.716591838
1881	Z028	0.25	0.312518237
1882	Z029	0.714285714	0.262252343
1883	Z031	0.4	0.340365123
1884	Z033	0.5	0.545514671
1885	Z036	0.428571429	0.299516549
1886	Z038	0.428571429	0.262931586
1887	Z039	0.571428571	0.183187836
1888	Z040	0.5	0.35709552
1889	Z041	0.166666667	0.14376135
1890	Z042	0.571428571	0.266623246
1891	Z043	0.5	0.127999036
1892	Z044	0.333333333	0.123201023
1893	Z045	0.2	0.176679944
1894	Z046	0.666666667	0.268782042
1895	Z047	0.333333333	0.26239223
1896	Z048	0.285714286	0.134471453
1897	Z049	0.5	0.371893034
1898	Z050	0.333333333	0.344686942
1899	Z051	0.75	0.175517508
1900	Z053	0.285714286	0.237129009
1901	Z054	1	0.559339857
1902	Z056	0.75	0.203020533
1903	Z057	0.375	0.577664382
1904	Z058	0.5	0.525830938
1905	Z059	0.25	0.235682296
1906	Z060	0	0.288835884
1907	Z061	0.375	0.26982713
1908	Z062	0.5	0.322804724
1909	Z063	0	0.640652812
1910	Z064	0.333333333	0.358058866
1911	Z065	0.333333333	0.462562492
1912	Z066	0.8	0.239076188
1913	Z070	0	0.640931821
1914	Z071	0.5	0.229570158
1915	Z072	0.7	0.123980821
1916	Z073	0.625	0.295678523
1917	Z074	0.4	0.182068382
1918	Z075	1	0.289076989
1919	Z076	0	0.52592363
1920	Z078	0.375	0.208578413
1921	Z079	0.5	0.197834001
1922	Z080	0.5	0.287089605
1923	Z081	0.5	0.477278715
1924	Z083	0.5	0.199615489
1925	Z084	0	0.421147225
1926	Z085	0.571428571	0.176408415
1927	Z086	0.4	0.214148759
1929	Z088	0.75	0.330641245
1930	Z089	0.818181818	0.192944043
1931	Z090	0.285714286	0.241207781
1932	Z091	0.363636364	0.111619711
1933	Z092	0.5	0.191274058
1934	Z093	0.625	0.206553468
1935	Z094	0	0.380868063
